# N         T       S
# casi di esempio
0           1       1
0           1       2
# casi ufficiali
1           4       1
2           4       3
10          4       10
100         4       100
500         3       500
100         2       1000
50          4       499
1000        3       9
4000        4       123
5000        4       111
10000       4       222
15000       4       333
20000       2       444
35000       4       555
50000       4       666
100000      4       777
100000      4       888
100000      4       999

